y0.10 = 0.81905
y0.20 = 0.67274
y0.30 = 0.55661
y0.40 = 0.46700
y0.50 = 0.40092
y0.60 = 0.35590
y0.70 = 0.32996
y0.80 = 0.32143
y0.90 = 0.32898
y1.00 = 0.35151
